1.000000000000000000e+00 6.858693463523214406e-01 1.235125603373102621e+00
1.494949494949495028e+00 1.120033931829023999e+00 1.969929558586931861e+00
1.989898989898990056e+00 1.438811254724600586e+00 2.465633418023561951e+00
2.484848484848484862e+00 1.636241478003141125e+00 2.730284882935857915e+00
2.979797979797980112e+00 1.734712045262156943e+00 2.819512913239007990e+00
3.474747474747474918e+00 1.760745222156958167e+00 2.790153563511868828e+00
3.969696969696969724e+00 1.736903668698183356e+00 2.686769149116878364e+00
4.464646464646465418e+00 1.680263680217328304e+00 2.540723011284982569e+00
4.959595959595960224e+00 1.603087014175085034e+00 2.372892390179565325e+00
5.454545454545455030e+00 1.513959694281913348e+00 2.196718248422190545e+00
5.949494949494949836e+00 1.418818695810855068e+00 2.020640671500177454e+00
6.444444444444444642e+00 1.321735860802528917e+00 1.849820232752013016e+00
6.939393939393939448e+00 1.225477857892407485e+00 1.687289079939405356e+00
7.434343434343434254e+00 1.131895755695311534e+00 1.534701994668289160e+00
7.929292929292929948e+00 1.042194500952529523e+00 1.392822925448378157e+00
8.424242424242425642e+00 9.571203611500141983e-01 1.261841172435520964e+00
8.919191919191920448e+00 8.770927815435034525e-01 1.141578721653878414e+00
9.414141414141415254e+00 8.022983746003524708e-01 1.031627729594523535e+00
9.909090909090910060e+00 7.327587709361386148e-01 9.314426470935133207e-01
1.040404040404040487e+01 6.683801209927101583e-01 8.404024041712776505e-01
1.089898989898989967e+01 6.089894859937746707e-01 7.578524835740476640e-01
1.139393939393939448e+01 5.543617056979239788e-01 6.831332581276052807e-01
1.188888888888888928e+01 5.042392507247525080e-01 6.155988144384664240e-01
1.238383838383838409e+01 4.583468487959005966e-01 5.546291202826397759e-01
1.287878787878787890e+01 4.164021859214401822e-01 4.996375082229375097e-01
1.337373737373737370e+01 3.781236440037156199e-01 4.500748607251993105e-01
1.386868686868686851e+01 3.432357948794663716e-01 4.054314828942191529e-01
1.436363636363636509e+01 3.114731955879487257e-01 3.652373716655707980e-01
1.485858585858585990e+01 2.825829002047022809e-01 3.290613940006238969e-01
1.535353535353535470e+01 2.563260065387662490e-01 2.965097455412943339e-01
1.584848484848484951e+01 2.324784823831424763e-01 2.672239585784571547e-01
1.634343434343434609e+01 2.108314596668109386e-01 2.408786529572245760e-01
1.683838383838384090e+01 1.911911414400291886e-01 2.171791680959737625e-01
1.733333333333333570e+01 1.733784330084932601e-01 1.958591733326457696e-01
1.782828282828283051e+01 1.572283824233210447e-01 1.766783235516531381e-01
1.832323232323232531e+01 1.425894952217858225e-01 1.594200047472968673e-01
1.881818181818182012e+01 1.293229725037239597e-01 1.438891978313178444e-01
1.931313131313131493e+01 1.173019091300452621e-01 1.299104770982834889e-01
1.980808080808080973e+01 1.064104792781121606e-01 1.173261512047647781e-01
2.030303030303030454e+01 9.654312918958260492e-02 1.059945484558030837e-01
2.079797979797979934e+01 8.760379123526426670e-02 9.578844399046504421e-02
2.129292929292929415e+01 7.950512903444559298e-02 8.659362363763541126e-02
2.178787878787878896e+01 7.216782001671380453e-02 7.830757741081711965e-02
2.228282828282828376e+01 6.551987927692867753e-02 7.083831455243916331e-02
2.277777777777777857e+01 5.949602667100397507e-02 6.410329151725735475e-02
2.327272727272727337e+01 5.403709769126648077e-02 5.802844414541992457e-02
2.376767676767676818e+01 4.908949763488591050e-02 5.254731540228894243e-02
2.426262626262626299e+01 4.460469785012870225e-02 4.760027036755182933e-02
2.475757575757575779e+01 4.053877234446047473e-02 4.313379057651860193e-02
2.525252525252525260e+01 3.685197271197953456e-02 3.909984030494365048e-02
2.574747474747474740e+01 3.350833914309269551e-02 3.545529791135777070e-02
2.624242424242424221e+01 3.047534518373760590e-02 3.216144588364672208e-02
2.673737373737373701e+01 2.772357388906714071e-02 2.918351376268057962e-02
2.723232323232323182e+01 2.522642304734842508e-02 2.649026862385683162e-02
2.772727272727273018e+01 2.295983721842081993e-02 2.405364828016647027e-02
2.822222222222222499e+01 2.090206442551324761e-02 2.184843282347996227e-02
2.871717171717171979e+01 1.903343545044672291e-02 1.985195054196026501e-02
2.921212121212121460e+01 1.733616380336135132e-02 1.804381464014868236e-02
2.970707070707070940e+01 1.579416456394115362e-02 1.640568754469339668e-02
3.020202020202020421e+01 1.439289041784887029e-02 1.492106990397747482e-02
3.069696969696969902e+01 1.311918333695257302e-02 1.357511168558682771e-02
3.119191919191919382e+01 1.196114047296090860e-02 1.235444304345110350e-02
3.168686868686868863e+01 1.090799294994307216e-02 1.124702286854392316e-02
3.218181818181818699e+01 9.949996351025666014e-03 1.024200315524330385e-02
3.267676767676768179e+01 9.078331797825694646e-03 9.329607511806409931e-03
3.317171717171717660e+01 8.285016617660822744e-03 8.501022319819485570e-03
3.366666666666667140e+01 7.562823683239767482e-03 7.748299205764393530e-03
3.416161616161616621e+01 6.905208592485282543e-03 7.064267629705958326e-03
3.465656565656566102e+01 6.306243932593174131e-03 6.442456523138823977e-03
3.515151515151515582e+01 5.760559942664274929e-03 5.877024021704212869e-03
3.564646464646465063e+01 5.263290953590695452e-03 5.362694440140200643e-03
3.614141414141414543e+01 4.810027042685404396e-03 4.894701727689258243e-03
3.663636363636364024e+01 4.396770394182124807e-03 4.468738723368407585e-03
3.713131313131313505e+01 4.019895905566617245e-03 4.080911603018365710e-03
3.762626262626262985e+01 3.676115624091988790e-03 3.727698974799402865e-03
3.812121212121212466e+01 3.362446638128843875e-03 3.405915137613438250e-03
3.861616161616161946e+01 3.076182084539563939e-03 3.112677068541870855e-03
3.911111111111111427e+01 2.814864966361259931e-03 2.845374751458526821e-03
3.960606060606060908e+01 2.576264505030742471e-03 2.601644500100499385e-03
4.010101010101010388e+01 2.358354778465086236e-03 2.379344965587907625e-03
4.059595959595959869e+01 2.159295420780300671e-03 2.176535551151910844e-03
4.109090909090909349e+01 1.977414181526920920e-03 1.991456986083551574e-03
4.158585858585858830e+01 1.811191162264404143e-03 1.822513837033849131e-03
4.208080808080808310e+01 1.659244566287505643e-03 1.668258758116362593e-03
4.257575757575757791e+01 1.520317813542346750e-03 1.527378302090153048e-03
4.307070707070707272e+01 1.393267887395749230e-03 1.398680133502669442e-03
4.356565656565656752e+01 1.277054793102876899e-03 1.281081501289716654e-03
4.406060606060606233e+01 1.170732019694802279e-03 1.173598843177235803e-03
4.455555555555555713e+01 1.073437907706562694e-03 1.075338407498635431e-03
4.505050505050505194e+01 9.843878348028685214e-04 9.854877899020141920e-04
4.554545454545454675e+01 9.028671400372957926e-04 9.033082930257394340e-04
4.604040404040404155e+01 8.282247152961467671e-04 8.281280267038396842e-04
4.653535353535353636e+01 7.598671995155838578e-04 7.593356747449679948e-04
4.703030303030303116e+01 6.972537175975803162e-04 6.963748619180688566e-04
4.752525252525252597e+01 6.398911116561527106e-04 6.387390615697512890e-04
4.802020202020202078e+01 5.873296173633999178e-04 5.859669903784950817e-04
4.851515151515151558e+01 5.391589427916617739e-04 5.376384421949887468e-04
4.901010101010101039e+01 4.950047113147891401e-04 4.933705177941853778e-04
4.950505050505050519e+01 4.545252338841599803e-04 4.528142117334459397e-04
5.000000000000000000e+01 4.174085793751279778e-04 4.156513214264125132e-04
